tweet_id,favorites,retweets
892420643555336193,33697,6968
892177421306343426,29217,5272
891815181378084864,21972,3464
891689557279858688,36778,7191
891327558926688256,35178,7715
891087950875897856,17746,2585
890971913173991426,10328,1646
890729181411237888,56648,15677
890609185150312448,24418,3604
890240255349198849,27843,6067
890006608113172480,26941,6112
889880896479866881,24482,4141
889665388333682689,41870,8302
889638837579907072,23574,3700
889531135344209921,13312,1873
889278841981685760,22024,4419
888917238123831296,25527,3742
888804989199671297,22383,3512
888554962724278272,17246,2862
888078434458587136,19091,2885
887705289381826560,26521,4515
887517139158093824,40576,9810
887473957103951883,59970,14953
887343217045368832,29482,8774
887101392804085760,26893,4968
886983233522544640,30241,6287
886736880519319552,10454,2615
886680336477933568,19651,3719
886366144734445568,18484,2613
886267009285017600,105,4
886258384151887873,24439,5253
886054160059072513,0,93
885984800019947520,28488,5589
885528943205470208,31477,5306
885518971528720385,17941,3097
885311592912609280,0,15364
885167619883638784,19181,3652
884925521741709313,67004,14941
884876753390489601,24296,4639
884562892145688576,21234,3895
884441805382717440,23776,4776
884247878851493888,62998,16821
884162670584377345,17884,2493
883838122936631299,19087,2849
883482846933004288,40038,8222
883360690899218434,19872,3061
883117836046086144,32383,5511
882992080364220416,20912,3229
882762694511734784,24689,4075
882627270321602560,24523,5042
882268110199369728,39029,9581
882045870035918850,25624,4066
881906580714921986,21373,2839
881666595344535552,44377,8912
881633300179243008,113,8
881536004380872706,43276,13347
881268444196462592,20425,4481
880935762899988482,14994,2325
880872448815771648,18653,3191
880465832366813184,24925,5192
880221127280381952,23574,3448
880095782870896641,24233,3634
879862464715927552,19635,2913
879674319642796034,282,9
879492040517615616,20637,2619
879415818425184262,92484,37257
879376492567855104,14806,2634
879130579576475649,0,5710
879050749262655488,19739,3935
879008229531029506,16719,2230
878776093423087618,17080,3418
878604707211726852,26349,5897
878404777348136964,0,1070
878316110768087041,0,5501
878281511006478336,6753,1070
878057613040115712,37017,5710
877736472329191424,69028,15732
877611172832227328,0,70
877556246731214848,19833,3151
877316821321428993,24066,4321
877201837425926144,23791,4602
876838120628539392,18164,2795
876537666061221889,20990,3961
876484053909872640,16509,1989
876120275196170240,24607,3890
875747767867523072,22031,3566
875144289856114688,19361,4131
875097192612077568,24168,5092
875021211251597312,22486,3953
874680097055178752,24516,3906
874434818259525634,0,12159
874296783580663808,22876,3470
874057562936811520,20049,3368
874012996292530176,30020,8551
873580283840344065,21303,3333
873337748698140672,0,1327
873213775632977920,6300,1327
872967104147763200,23968,4545
872820683541237760,13026,3156
872620804844003328,18266,3058
872486979161796608,35987,7682
872122724285648897,30099,6802
871879754684805121,32966,9210
871762521631449091,17813,2957
871515927908634625,17843,2924
871166179821445120,0,4877
871102520638267392,18488,4651
871032628920680449,20090,3213
870804317367881728,29696,5265
870726314365509632,105,3
870656317836468226,10855,2190
870374049280663552,73704,22654
870308999962521604,19414,3534
870063196459192321,32308,7050
869772420881756160,37890,8659
869702957897576449,24964,5362
869596645499047938,14141,2629
869227993411051520,18080,3187
868880397819494401,57743,12199
868639477480148993,0,1742
868622495443632128,23564,4443
868552278524837888,8929,1742
867900495410671616,21521,3554
867774946302451713,30160,6229
867421006826221569,14293,2109
867072653475098625,0,100
867051520902168576,28602,6755
866720684873056260,17795,4117
866686824827068416,17062,2953
866450705531457537,108487,30054
866334964761202691,46423,12159
866094527597207552,0,7132
865718153858494464,22854,4813
865359393868664832,23510,4270
865006731092295680,24951,6633
864873206498414592,28748,7473
864279568663928832,13032,2571
864197398364647424,26545,7554
863907417377173506,18373,3577
863553081350529029,13626,3612
863471782782697472,0,2084
863432100342583297,21220,4542
863427515083354112,1956,80
863079547188785154,7877,949
863062471531167744,7499,2084
862831371563274240,17175,4442
862722525377298433,15287,3075
862457590147678208,18213,4231
862096992088072192,66046,19901
861383897657036800,32180,9228
861288531465048066,15302,3574
861005113778896900,14938,3319
860981674716409858,0,1850
860924035999428608,0,675
860563773140209665,6698,1850
860524505164394496,21191,4582
860276583193509888,16526,3056
860184849394610176,14955,5103
860177593139703809,0,26603
859924526012018688,17568,3573
859851578198683649,13946,3058
859607811541651456,16789,1359
859196978902773760,80291,26172
859074603037188101,30330,11918
858860390427611136,0,7047
858843525470990336,14089,3018
858471635011153920,19417,4241
858107933456039936,14187,2532
857989990357356544,14449,2259
857746408056729600,30702,9311
857393404942143489,5290,1437
857263160327368704,18204,3959
857214891891077121,203,16
857062103051644929,0,146
857029823797047296,17001,3471
856543823941562368,14786,2534
856526610513747968,10791,1651
856288084350160898,489,15
856282028240666624,25164,5564
855862651834028034,302,21
855860136149123072,4395,849
855857698524602368,10833,1853
855851453814013952,41806,16076
855818117272018944,24215,4797
855459453768019968,27021,7281
855245323840757760,0,5245
855138241867124737,0,36
854732716440526848,20621,5325
854482394044301312,26489,6000
854365224396361728,17149,4132
854120357044912130,29149,6569
854010172552949760,14795,2784
853760880890318849,26007,5103
853639147608842240,31444,8834
853299958564483072,14126,3160
852936405516943360,0,1782
852912242202992640,8227,1590
852672615818899456,13609,1903
852553447878664193,14850,3099
852311364735569921,30267,8837
852226086759018497,18299,6071
852189679701164033,10553,1414
851591660324737024,14919,3118
851464819735769094,22219,6290
851224888060895234,18985,5157
850753642995093505,28057,8051
850380195714523136,12046,2325
850333567704068097,3184,301
850145622816686080,15005,3385
850019790995546112,18727,4354
849776966551130114,27853,6795
849668094696017920,0,4432
849412302885593088,14641,2821
849336543269576704,10530,1683
849051919805034497,38910,7603
848690551926992896,23221,3913
848324959059550208,22769,4141
848213670039564288,7526,644
848212111729840128,14997,2711
847978865427394560,0,2912
847971574464610304,0,394
847962785489326080,21690,4559
847842811428974592,5002,1186
847617282490613760,6455,376
847606175596138505,17312,3075
847251039262605312,18919,3907
847157206088847362,18331,5242
847116187444137987,19829,2869
846874817362120707,18580,3541
846514051647705089,41073,10343
846505985330044928,13033,2752
846153765933735936,29019,8146
846139713627017216,28735,9141
846042936437604353,14771,2581
845812042753855489,26948,7842
845677943972139009,23389,4371
845397057150107648,7072,1616
845306882940190720,21562,4844
845098359547420673,0,6923
844979544864018432,12648,2306
844973813909606400,13903,2840
844580511645339650,15260,2806
844223788422217728,12669,1985
843981021012017153,14076,2696
843856843873095681,19911,4160
843604394117681152,15657,2475
843235543001513987,19917,5384
842846295480000512,14185,3310
842765311967449089,6279,1175
842535590457499648,16873,3165
842163532590374912,22679,5245
842115215311396866,13003,2754
841833993020538882,0,13527
841680585030541313,23986,7138
841439858740625411,11700,3305
841320156043304961,18379,5008
841314665196081154,14711,4221
841077006473256960,21297,4877
840761248237133825,0,1618
840728873075638272,0,14562
840698636975636481,163,2
840696689258311684,11453,889
840632337062862849,8405,1618
840370681858686976,15308,4170
840268004936019968,17844,5204
839990271299457024,12503,2063
839549326359670784,25515,7047
839290600511926273,0,132
839239871831150596,25178,5917
838952994649550848,18331,3655
838921590096166913,10394,1852
838916489579200512,0,31
838831947270979586,0,9997
838561493054533637,10222,1229
838476387338051585,20930,4331
838201503651401729,0,9155
838150277551247360,1565,301
838085839343206401,134,1
838083903487373313,16427,2831
837820167694528512,31761,7132
837482249356513284,3596,405
837471256429613056,11962,2058
837110210464448512,15047,2173
836989968035819520,11922,2107
836753516572119041,18083,4254
836677758902222849,11821,2019
836648853927522308,0,506
836397794269200385,0,25006
836380477523124226,13878,2744
836260088725786625,19911,3972
836001077879255040,17855,3878
835685285446955009,0,7400
835574547218894849,16608,3291
835536468978302976,0,1539
835309094223372289,0,19102
835297930240217089,15399,2733
835264098648616962,7214,1539
835246439529840640,1987,63
835172783151792128,24510,5284
835152434251116546,20900,2755
834931633769889797,10076,1486
834786237630337024,20174,5102
834574053763584002,12784,2304
834477809192075265,0,9741
834458053273591808,9014,1543
834209720923721728,19200,4316
834167344700198914,14808,3353
834089966724603904,9427,1960
834086379323871233,12215,2036
833863086058651648,12592,2203
833826103416520705,17042,3482
833732339549220864,0,203
833722901757046785,19636,2990
833479644947025920,13976,1883
833124694597443584,18949,4432
832998151111966721,12398,2006
832769181346996225,0,38
832757312314028032,15819,3312
832682457690300417,11113,2659
832645525019123713,2730,484
832636094638288896,14858,2552
832397543355072512,11216,2034
832369877331693569,16036,2912
832273440279240704,10632,2139
832215909146226688,0,5702
832215726631055365,0,8562
832088576586297345,59,2
832040443403784192,0,8796
832032802820481025,16730,4291
831939777352105988,22423,5642
831926988323639298,319,34
831911600680497154,25769,5954
831670449226514432,9765,1684
831650051525054464,6665,1782
831552930092285952,8438,2152
831322785565769729,8730,1437
831315979191906304,6162,1035
831309418084069378,11061,2256
831262627380748289,11127,1883
830956169170665475,7494,1373
830583320585068544,62232,15364
830173239259324417,0,5224
830097400375152640,9130,2686
829878982036299777,0,4589
829861396166877184,11487,1789
829501995190984704,29809,9741
829449946868879360,9843,1854
829141528400556032,22853,6745
829011960981237760,50144,15051
828801551087042563,0,3150
828770345708580865,24016,5378
828708714936930305,34143,10287
828650029636317184,8927,1232
828409743546925057,6031,1078
828408677031882754,7230,1182
828381636999917570,11829,2054
828376505180889089,6969,990
828372645993398273,11841,2720
828361771580813312,2062,165
828046555563323392,11026,2645
828011680017821696,9750,1981
827933404142436356,18780,4808
827653905312006145,14549,2787
827600520311402496,7044,863
827324948884643840,14904,2798
827199976799354881,9966,2053
826958653328592898,20254,4589
826848821049180160,33942,9304
826615380357632002,0,3668
826598799820865537,4845,229
826598365270007810,9420,2172
826476773533745153,17321,3881
826240494070030336,12496,2409
826204788643753985,4585,855
826115272272650244,14701,2854
825876512159186944,9894,1732
825829644528148480,11985,2323
825535076884762624,53812,16300
825147591692263424,17203,4167
825120256414846976,0,1165
825026590719483904,5889,1165
824796380199809024,0,5078
824775126675836928,14017,3259
824663926340194305,9917,1635
824325613288833024,11136,9853
824297048279236611,14177,3553
824025158776213504,4566,556
823939628516474880,10035,2522
823719002937630720,0,10311
823699002998870016,13162,2329
823581115634085888,12216,2433
823333489516937216,662,22
823322678127919110,14775,3703
823269594223824897,0,9184
822975315408461824,16320,3188
822872901745569793,123674,39747
822859134160621569,12412,2104
822647212903690241,0,5931
822610361945911296,13925,2720
822489057087389700,17060,5931
822462944365645825,26205,13078
822244816520155136,33007,9184
822163064745328640,0,4352
821886076407029760,10645,2131
821813639212650496,0,3113
821765923262631936,7886,1553
821522889702862852,7544,1625
821421320206483457,0,5107
821407182352777218,11067,3977
821153421864615936,236,8
821149554670182400,8086,1818
821107785811234820,9032,1961
821044531881721856,11903,2114
820837357901512704,0,6213
820749716845686786,29721,9155
820690176645140481,11559,2990
820494788566847489,0,521
820446719150292993,0,2383
820314633777061888,3152,521
820078625395449857,18570,5762
820013781606658049,0,1079
819952236453363712,5003,1079
819924195358416896,12195,4526
819711362133872643,12578,2856
819588359383371776,9129,1864
819347104292290561,6810,1115
819238181065359361,2133,378
819227688460238848,21728,6213
819015337530290176,0,34413
819015331746349057,0,17723
819006400881917954,42880,17723
819004803107983360,82397,34413
818646164899774465,0,19358
818627210458333184,21161,7036
818614493328580609,9272,2345
818588835076603904,0,5669
818536468981415936,10238,2263
818307523543449600,0,7419
818259473185828864,10382,2073
818145370475810820,11584,2360
817908911860748288,4595,738
817827839487737858,48427,25006
817777686764523521,10189,2513
817536400337801217,11078,2719
817502432452313088,0,3131
817423860136083457,31726,13527
817415592588222464,5278,885
817181837579653120,0,7832
817171292965273600,8280,1857
817120970343411712,11506,2404
817056546584727552,8107,1509
816829038950027264,0,4371
816816676327063552,9448,1885
816697700272001025,9215,2046
816450570814898180,28567,7419
816336735214911488,8146,1793
816091915477250048,8460,1978
816062466425819140,0,942
816014286006976512,0,4861
815990720817401858,4677,942
815966073409433600,21059,7832
815745968457060357,0,3841
815736392542261248,9277,2108
815639385530101762,7798,1547
815390420867969024,9801,3551
814986499976527872,7238,1183
814638523311648768,10659,2515
814578408554463233,0,5436
814530161257443328,8191,1732
814153002265309185,27148,8072
813944609378369540,0,2944
813910438903693312,8831,1724
813812741911748608,34506,12990
813800681631023104,7865,1640
813217897535406080,17619,6823
813202720496779264,8743,1700
813187593374461952,18756,4028
813172488309972993,8774,1799
813157409116065792,7354,2059
813142292504645637,8059,2236
813130366689148928,4253,417
813127251579564032,11177,2908
813112105746448384,9769,2554
813096984823349248,9999,3367
813081950185472002,9396,2586
813066809284972545,7526,1821
813051746834595840,19860,6817
812781120811126785,7128,1783
812709060537683968,6273,1347
812503143955202048,5718,1146
812466873996607488,7553,1796
812372279581671427,12889,3410
811985624773361665,6889,1304
811744202451197953,7133,1466
811647686436880384,5296,680
811627233043480576,12029,2836
811386762094317568,19792,5955
810984652412424192,5034,1325
810896069567610880,8499,1637
810657578271330305,10394,2458
810284430598270976,33187,10460
810254108431155201,13928,3150
809920764300447744,14740,3668
809808892968534016,0,4556
809448704142938112,6586,1361
809220051211603969,18809,5224
809084759137812480,12522,3282
808838249661788160,9614,2855
808733504066486276,7468,2028
808501579447930884,10717,2446
808344865868283904,40040,19358
808134635716833280,0,5490
808106460588765185,8365,2062
808001312164028416,11807,3295
807621403335917568,13803,3372
807106840509214720,111170,51416
807059379405148160,0,6864
807010152071229440,12426,3612
806629075125202948,70309,32219
806620845233815552,0,5125
806576416489959424,4647,1818
806542213899489280,9704,2208
806242860592926720,0,10829
806219024703037440,6115,1130
805958939288408065,0,4990
805932879469572096,7852,1794
805826884734976000,6216,1710
805823200554876929,0,7430
805520635690676224,5464,1547
805487436403003392,8316,2369
805207613751304193,7455,1621
804738756058218496,12935,3589
804475857670639616,5822,1883
804413760345620481,0,2999
804026241225523202,41908,14964
803773340896923648,9509,2576
803692223237865472,0,6894
803638050916102144,10340,3871
803380650405482500,7361,1762
803321560782307329,0,4937
803276597545603072,9504,2289
802952499103731712,8551,1865
802624713319034886,0,2716
802600418706604034,6745,1377
802572683846291456,8488,2348
802323869084381190,15297,5455
802265048156610565,6599,1287
802239329049477120,8622,2448
802185808107208704,0,250
801958328846974976,7347,1592
801854953262350336,1719,218
801538201127157760,7794,1946
801285448605831168,5719,770
801167903437357056,23102,5490
801127390143516673,0,3688
801115127852503040,7660,1981
800859414831898624,645,90
800855607700029440,0,1511
800751577355128832,10062,2614
800513324630806528,12451,2813
800459316964663297,9018,2054
800443802682937345,0,4009
800388270626521089,10572,2626
800188575492947969,0,3678
800141422401830912,14470,2383
800018252395122689,26806,12254
799774291445383169,0,4351
799757965289017345,7946,1997
799422933579902976,7669,1792
799308762079035393,0,5056
799297110730567681,9355,2549
799063482566066176,7674,2333
798933969379225600,12379,4139
798925684722855936,7145,1355
798705661114773508,0,6183
798701998996647937,0,7200
798697898615730177,0,6070
798694562394996736,0,4625
798686750113755136,0,2172
798682547630837760,0,4415
798673117451325440,0,5201
798665375516884993,0,3666
798644042770751489,0,1736
798628517273620480,0,1856
798585098161549313,0,5248
798576900688019456,0,5453
798340744599797760,0,3130
798209839306514432,9892,2418
797971864723324932,10919,2880
797545162159308800,13835,4599
797236660651966464,18865,6128
797165961484890113,212,24
796904159865868288,0,8323
796865951799083009,7286,1825
796759840936919040,11170,2818
796563435802726400,0,6700
796484825502875648,7162,1644
796387464403357696,10424,3876
796177847564038144,0,13314
796149749086875649,30392,13314
796125600683540480,4720,1680
796116448414461957,8610,2243
796080075804475393,7996,2158
796031486298386433,10234,3489
795464331001561088,46602,21863
795400264262053889,9468,2672
795076730285391872,15297,5078
794983741416415232,0,3144
794926597468000259,9648,2152
794355576146903043,0,9622
794332329137291264,9103,2530
794205286408003585,8745,3102
793962221541933056,15856,4556
793845145112371200,8737,1739
793614319594401792,0,2916
793601777308463104,7558,1510
793500921481273345,10088,2222
793286476301799424,23280,8562
793271401113350145,8232,2236
793256262322548741,18871,7768
793241302385262592,9952,3061
793226087023144960,9252,2704
793210959003287553,8450,2599
793195938047070209,14397,5254
793180763617361921,6542,1857
793165685325201412,8874,2618
793150605191548928,5833,1591
793135492858580992,6055,2347
793120401413079041,11985,3665
792913359805018113,13538,3697
792883833364439040,10674,3990
792773781206999040,6978,1566
792394556390137856,12672,3999
792050063153438720,6759,1663
791821351946420224,0,19615
791784077045166082,0,8847
791780927877898241,0,3544
791774931465953280,42608,20672
791672322847637504,11113,2916
791406955684368384,12456,3841
791312159183634433,8294,2356
791026214425268224,0,3789
790987426131050500,9279,1981
790946055508652032,15824,4371
790723298204217344,0,2137
790698755171364864,7778,1796
790581949425475584,19481,6616
790337589677002753,7403,1763
790277117346975746,11856,2944
790227638568808452,0,3293
789986466051088384,8776,2137
789960241177853952,0,3806
789903600034189313,9753,3869
789628658055020548,7056,1637
789599242079838210,6356,1785
789530877013393408,11050,3144
789314372632018944,8179,2129
789280767834746880,0,4572
789268448748703744,8624,2434
789137962068021249,9200,2598
788908386943430656,25984,11667
788765914992902144,25824,9622
788552643979468800,0,6630
788412144018661376,14664,4905
788178268662984705,6872,1966
788150585577050112,5779,1196
788070120937619456,0,3199
788039637453406209,5774,1217
787810552592695296,8124,2830
787717603741622272,9685,2576
787397959788929025,10298,2653
787322443945877504,7369,1621
787111942498508800,0,6274
786963064373534720,25197,7400
786729988674449408,0,2267
786709082849828864,17316,5702
786664955043049472,10016,2358
786595970293370880,8952,2901
786363235746385920,10250,3204
786286427768250368,7541,2634
786233965241827333,14362,4352
786051337297522688,1350,145
786036967502913536,0,6478
785927819176054784,10766,2973
785872687017132033,6320,1667
785639753186217984,7428,2098
785533386513321988,8550,1831
785515384317313025,5769,1155
785264754247995392,6886,1511
785170936622350336,11327,4473
784826020293709826,9548,2999
784517518371221505,8466,2355
784431430411685888,5429,1180
784183165795655680,18880,7430
784057939640352768,27992,10311
783839966405230592,28292,9997
783821107061198850,6954,1819
783695101801398276,9832,2980
783466772167098368,7940,2071
783391753726550016,15946,5070
783347506784731136,0,5129
783334639985389568,27376,10829
783085703974514689,7705,2016
782969140009107456,22734,6864
782747134529531904,7052,1314
782722598790725632,16226,4990
782598640137187329,7359,1763
782305867769217024,15661,5107
782021823840026624,0,5706
781955203444699136,10534,3125
781661882474196992,9843,2508
781655249211752448,3761,1047
781524693396357120,19513,5125
781308096455073793,6715,2373
781251288990355457,7890,1919
781163403222056960,9237,2572
780931614150983680,20427,6700
780858289093574656,6775,1855
780800785462489090,5173,1197
780601303617732608,11394,3113
780543529827336192,5934,1623
780496263422808064,0,3408
780476555013349377,0,103
780459368902959104,4980,999
780192070812196864,8185,2075
780092040432480260,0,2120
780074436359819264,11387,4554
779834332596887552,17691,6478
779377524342161408,8224,2872
779124354206535695,0,16932
779056095788752897,13841,4192
778990705243029504,18687,6628
778774459159379968,0,9109
778764940568104960,819,337
778748913645780993,6442,1203
778650543019483137,5404,1384
778624900596654080,4329,940
778408200802557953,12827,3992
778396591732486144,0,11284
778383385161035776,5487,1018
778286810187399168,9707,3051
778039087836069888,7958,2453
778027034220126208,6174,1490
777953400541634568,0,3252
777885040357281792,5978,1511
777684233540206592,10577,2716
777641927919427584,0,3904
777621514455814149,8193,2329
777189768882946048,13265,3971
776819012571455488,0,12529
776813020089548800,4595,1110
776477788987613185,8217,2546
776249906839351296,0,8413
776218204058357768,27997,14633
776201521193218049,8999,2328
776113305656188928,11070,4009
776088319444877312,1710,141
775898661951791106,0,15454
775842724423557120,11000,2452
775733305207554048,13030,3688
775729183532220416,12235,4259
775364825476165632,6918,2706
775350846108426240,9542,3612
775085132600442880,14584,4351
774757898236878852,8108,1650
774639387460112384,6343,1609
774314403806253056,20473,5056
773985732834758656,10120,3573
773922284943896577,6042,1615
773704687002451968,6222,1494
773670353721753600,5043,1220
773547596996571136,20759,5669
773336787167145985,0,4651
773308824254029826,21906,6923
773247561583001600,8854,2990
773191612633579521,9351,3790
772877495989305348,8022,3567
772826264096874500,7554,2199
772615324260794368,0,3101
772581559778025472,6085,1578
772193107915964416,5660,1285
772152991789019136,3579,1048
772117678702071809,3536,685
772114945936949249,2574,440
772102971039580160,3763,861
771908950375665664,6157,1747
771770456517009408,11245,3130
771500966810099713,7746,2412
771380798096281600,9880,4651
771171053431250945,0,6865
771136648247640064,8577,2698
771102124360998913,5845,1324
771014301343748096,6464,1533
770787852854652928,4603,1099
770772759874076672,4876,1319
770655142660169732,6903,1660
770414278348247044,5920,1918
770293558247038976,5834,1351
770093767776997377,0,2801
770069151037685760,7119,2115
769940425801170949,29184,8796
769695466921623552,6023,1556
769335591808995329,0,7103
769212283578875904,5068,1592
768970937022709760,13355,5972
768909767477751808,0,2427
768855141948723200,3919,819
768609597686943744,3843,1094
768596291618299904,4722,1183
768554158521745409,0,5364
768473857036525572,12736,3148
768193404517830656,10142,3252
767884188863397888,4452,1261
767754930266464257,14935,4937
767500508068192258,7024,2139
767191397493538821,11495,3455
767122157629476866,9517,2627
766793450729734144,4726,1249
766714921925144576,2458,345
766693177336135680,3783,727
766423258543644672,5615,1449
766313316352462849,6324,1725
766078092750233600,0,2410
766069199026450432,3926,770
766008592277377025,3524,456
765719909049503744,6784,1983
765669560888528897,4842,1127
765395769549590528,25039,3096
765371061932261376,6661,1995
765222098633691136,10890,3101
764857477905154048,6059,1641
764259802650378240,5622,1382
763956972077010945,731,49
763837565564780549,11718,3789
763183847194451968,5041,1351
763167063695355904,0,2740
763103485927849985,6901,2109
762699858130116608,11325,3293
762471784394268675,10483,5876
762464539388485633,9612,3806
762316489655476224,4490,1026
762035686371364864,29712,14228
761976711479193600,5027,1816
761750502866649088,0,3570
761745352076779520,4005,790
761672994376806400,46128,26603
761599872357261312,3871,1096
761371037149827077,0,16576
761334018830917632,4811,1332
761292947749015552,4174,998
761227390836215808,4978,1437
761004547850530816,10616,3199
760893934457552897,3561,885
760656994973933572,6157,1742
760641137271070720,4655,1185
760539183865880579,7058,3323
760521673607086080,3909,1278
760290219849637889,24998,10523
760252756032651264,3692,795
760190180481531904,5335,1641
760153949710192640,0,28
759943073749200896,5513,1924
759846353224826880,6266,1792
759793422261743616,5564,1756
759557299618865152,4386,1100
759447681597108224,7914,2267
759446261539934208,1558,453
759197388317847553,5683,1797
759159934323924993,0,1065
759099523532779520,13584,3804
759047813560868866,6052,1844
758854675097526272,3315,838
758828659922702336,10440,3538
758740312047005698,5363,1496
758474966123810816,3546,911
758467244762497024,4463,2024
758405701903519748,4860,1756
758355060040593408,3142,956
758099635764359168,17644,9109
758041019896193024,2522,338
757741869644341248,6385,3012
757729163776290825,0,7178
757725642876129280,4240,1108
757611664640446465,4281,1004
757597904299253760,0,277
757596066325864448,4060,954
757400162377592832,14104,6290
757393109802180609,5428,1573
757354760399941633,4197,1298
756998049151549440,5856,1828
756939218950160384,6190,1831
756651752796094464,4682,1189
756526248105566208,9677,3287
756303284449767430,3680,1002
756288534030475264,41057,16247
756275833623502848,5957,1402
755955933503782912,6808,2614
755206590534418437,15260,4885
755110668769038337,19664,10147
754874841593970688,0,7216
754856583969079297,6428,2306
754747087846248448,2408,476
754482103782404096,4915,1785
754449512966619136,3495,671
754120377874386944,7364,2154
753655901052166144,5433,1983
753420520834629632,7312,3224
753398408988139520,5338,1723
753375668877008896,7113,2120
753298634498793472,0,5184
753294487569522689,3118,955
753039830821511168,34487,19102
753026973505581056,3642,873
752932432744185856,11719,6274
752917284578922496,6489,1437
752701944171524096,0,2604
752682090207055872,5580,1454
752660715232722944,4067,1418
752568224206688256,5104,2077
752519690950500352,6828,3144
752334515931054080,3582,1006
752309394570878976,0,14854
752173152931807232,5526,1665
751950017322246144,2842,830
751937170840121344,4813,1195
751830394383790080,5421,1782
751793661361422336,5375,2607
751598357617971201,7388,2821
751583847268179968,4091,1001
751538714308972544,4699,1143
751456908746354688,2995,920
751251247299190784,11694,5369
751205363882532864,5884,1659
751132876104687617,4714,1179
750868782890057730,4439,1241
750719632563142656,12220,4572
750506206503038976,4123,1043
750429297815552001,12265,3904
750383411068534784,4255,1038
750381685133418496,666,26
750147208377409536,2900,873
750132105863102464,3353,1174
750117059602808832,4038,1204
750101899009982464,2835,772
750086836815486976,2020,490
750071704093859840,7228,3018
750056684286914561,2947,817
750041628174217216,2951,564
750026558547456000,2520,717
750011400160841729,2997,819
749996283729883136,2820,754
749981277374128128,4767,2269
749774190421639168,4340,1204
749417653287129088,5653,1505
749403093750648834,2430,489
749395845976588288,7934,3141
749317047558017024,5081,2038
749075273010798592,5350,1878
749064354620928000,4487,1400
749036806121881602,2873,728
748977405889503236,9991,3120
748932637671223296,5396,2052
748705597323898880,2578,871
748699167502000129,4395,1452
748692773788876800,3943,1223
748575535303884801,5617,1799
748568946752774144,2038,606
748346686624440324,4835,1119
748337862848962560,7027,3721
748324050481647620,3439,689
748307329658011649,3433,652
748220828303695873,13099,7079
747963614829678593,5359,1948
747933425676525569,6157,2345
747885874273214464,2712,876
747844099428986880,2618,672
747816857231626240,4489,1053
747651430853525504,1268,143
747648653817413632,11923,5303
747600769478692864,2163,520
747594051852075008,3414,945
747512671126323200,5108,1470
747461612269887489,3581,938
747439450712596480,5025,1749
747242308580548608,0,2617
747219827526344708,4872,1433
747204161125646336,3116,828
747103485104099331,8862,3611
746906459439529985,2709,269
746872823977771008,5547,1935
746818907684614144,4936,1591
746790600704425984,4506,1456
746757706116112384,8809,3544
746726898085036033,5617,1633
746542875601690625,4676,1739
746521445350707200,0,898
746507379341139972,4335,989
746369468511756288,5743,1482
746131877086527488,6369,1991
746056683365994496,3313,737
745789745784041472,3652,961
745712589599014916,6484,2117
745433870967832576,6524,2300
745422732645535745,7928,2189
745314880350101504,6585,2471
745074613265149952,7240,3172
745057283344719872,6734,2046
744995568523612160,2731,566
744971049620602880,7273,2434
744709971296780288,5208,1430
744334592493166593,6321,1924
744234799360020481,144231,70327
744223424764059648,1529,323
743980027717509120,3884,1000
743895849529389061,3391,875
743835915802583040,0,1860
743609206067040256,4149,1268
743595368194129920,16895,5934
743545585370791937,3265,858
743510151680958465,7394,3409
743253157753532416,3922,1114
743222593470234624,5715,1728
743210557239623680,3549,1232
742534281772302336,6536,3264
742528092657332225,4087,1790
742465774154047488,6729,3584
742423170473463808,9062,3408
742385895052087300,6269,1770
742161199639494656,3984,1238
742150209887731712,4693,1393
741793263812808706,4206,1380
741743634094141440,7528,2486
741438259667034112,3403,744
741303864243200000,8099,2907
741099773336379392,9185,5002
741067306818797568,8831,2801
740995100998766593,5803,2458
740711788199743490,3138,858
740699697422163968,2644,705
740676976021798912,16781,6183
740373189193256964,32467,12088
740365076218183684,2243,384
740359016048689152,3039,794
740214038584557568,6164,1778
739979191639244800,18449,5364
739932936087216128,3742,982
739844404073074688,3512,785
739623569819336705,3487,1236
739606147276148736,4974,1487
739544079319588864,36357,19181
739485634323156992,6580,2633
739238157791694849,106773,52627
738891149612572673,89,6
738885046782832640,3495,1042
738883359779196928,3032,718
738537504001953792,4690,1392
738402415918125056,2996,737
738184450748633089,3958,1103
738166403467907072,8045,3023
738156290900254721,2275,581
737826014890496000,4820,1601
737800304142471168,9238,3161
737678689543020544,4623,1192
737445876994609152,9416,4040
737322739594330112,3315,728
737310737551491075,13479,6725
736736130620620800,3864,1536
736392552031657984,16281,6630
736365877722001409,3651,1110
736225175608430592,7463,2533
736010884653420544,7224,2694
735991953473572864,3286,1032
735648611367784448,3721,1005
735635087207878657,5641,2135
735274964362878976,12014,4530
735256018284875776,3054,801
735137028879360001,2871,876
734912297295085568,2538,471
734787690684657664,11528,5739
734776360183431168,2312,487
734559631394082816,1373,353
733828123016450049,3297,714
733822306246479872,3382,921
733482008106668032,2874,851
733460102733135873,3864,1135
733109485275860992,49216,15454
732732193018155009,2223,481
732726085725589504,3285,794
732585889486888962,3349,712
732375214819057664,7412,2274
732005617171337216,13651,4861
731285275100512256,3214,899
731156023742988288,3541,1140
730924654643314689,5625,1781
730573383004487680,4452,1906
730427201120833536,3195,937
730211855403241472,3481,956
730196704625098752,4433,1700
729854734790754305,3708,1009
729838605770891264,1597,338
729823566028484608,3646,1122
729463711119904772,5305,2082
729113531270991872,1734,287
728986383096946689,2881,736
728760639972315136,4278,1535
728751179681943552,2534,614
728653952833728512,3054,945
728409960103686147,4489,1820
728387165835677696,3418,875
728046963732717569,3924,1080
728035342121635841,4149,1507
728015554473250816,3784,989
727685679342333952,2717,573
727644517743104000,5373,1584
727524757080539137,4098,1079
727314416056803329,3060,670
727286334147182592,2818,744
727175381690781696,3585,1238
727155742655025152,3318,1194
726935089318363137,6283,2198
726887082820554753,3525,1365
726828223124897792,3299,911
726224900189511680,4071,1042
725842289046749185,6515,2410
725786712245440512,3842,1240
725729321944506368,4788,1603
725458796924002305,1301,554
724983749226668032,3436,1164
724771698126512129,2149,566
724405726123311104,4858,1508
724049859469295616,3970,1615
724046343203856385,2451,512
724004602748780546,3827,1387
723912936180330496,3583,1123
723688335806480385,7027,2636
723673163800948736,2786,812
723179728551723008,4857,1685
722974582966214656,3759,1428
722613351520608256,4583,1492
721503162398597120,4215,1640
721001180231503872,2342,551
720785406564900865,2858,698
720775346191278080,2250,564
720415127506415616,3781,1355
720389942216527872,5854,2259
720340705894408192,2618,872
720059472081784833,3548,1015
720043174954147842,4563,1813
719991154352222208,4472,1589
719704490224398336,4170,1293
719551379208073216,4638,1707
719367763014393856,2598,686
719339463458033665,4089,1117
719332531645071360,3177,854
718971898235854848,3197,984
718939241951195136,4800,1580
718631497683582976,17300,7200
718613305783398402,2252,427
718540630683709445,2241,920
718460005985447936,2500,474
718454725339934721,4499,1375
718246886998687744,1759,446
718234618122661888,3559,912
717841801130979328,2266,542
717790033953034240,2631,985
717537687239008257,5301,1657
717428917016076293,1474,405
717421804990701568,2884,756
717047459982213120,5789,1733
717009362452090881,2971,867
716802964044845056,3959,1048
716791146589110272,7737,1456
716730379797970944,1132,395
716447146686459905,11965,5299
716439118184652801,2188,189
716285507865542656,2552,962
716080869887381504,6238,1702
715928423106027520,2928,792
715758151270801409,3410,1282
715733265223708672,4276,1524
715704790270025728,2552,511
715696743237730304,3605,1160
715680795826982913,3961,1441
715360349751484417,5028,1408
715342466308784130,2787,621
715220193576927233,2203,585
715200624753819648,4743,1682
715009755312439296,3812,1104
714982300363173890,3423,931
714962719905021952,6738,3828
714957620017307648,3804,1276
714631576617938945,3011,894
714606013974974464,3336,827
714485234495041536,2447,1006
714258258790387713,2813,666
714251586676113411,3019,757
714214115368108032,2110,796
714141408463036416,3995,1277
713919462244790272,3037,720
713909862279876608,1746,483
713900603437621249,2611,660
713761197720473600,4454,1237
713411074226274305,4089,1184
713177543487135744,6636,2586
713175907180089344,4079,1328
712809025985978368,17510,6070
712717840512598017,11298,4499
712668654853337088,3817,1097
712438159032893441,4898,1414
712309440758808576,221,24
712097430750289920,3451,930
712092745624633345,2703,811
712085617388212225,3012,434
712065007010385924,2072,567
711998809858043904,0,120
711968124745228288,7404,2089
711743778164514816,2612,906
711732680602345472,8070,3683
711694788429553666,30210,16576
711652651650457602,3541,819
711363825979756544,3317,1015
711306686208872448,3041,676
711008018775851008,2737,559
710997087345876993,4209,1258
710844581445812225,2347,610
710833117892898816,2464,476
710658690886586372,2135,512
710609963652087808,4422,2150
710588934686908417,4170,1696
710296729921429505,2197,668
710283270106132480,1993,478
710272297844797440,4139,1137
710269109699739648,2190,1012
710153181850935296,2675,808
710140971284037632,2510,799
710117014656950272,5019,1778
709918798883774466,3221,992
709901256215666688,608,92
709852847387627521,3227,1086
709566166965075968,3251,1070
709556954897764353,3014,974
709519240576036864,1385,219
709449600415961088,2021,517
709409458133323776,2420,616
709225125749587968,2201,520
709207347839836162,11399,5167
709198395643068416,2261,589
709179584944730112,1850,608
709158332880297985,1873,363
709042156699303936,4318,1476
708853462201716736,1667,592
708845821941387268,2738,800
708834316713893888,1547,448
708810915978854401,15203,6240
708738143638450176,2533,737
708711088997666817,2332,638
708479650088034305,2337,616
708469915515297792,2848,729
708400866336894977,14639,9042
708356463048204288,3299,1198
708349470027751425,2186,676
708149363256774660,3980,1412
708130923141795840,3093,784
708119489313951744,2471,896
708109389455101952,1796,501
708026248782585858,4058,1747
707995814724026368,2863,1013
707983188426153984,45,2
707969809498152960,2481,866
707776935007539200,3004,871
707741517457260545,2285,554
707738799544082433,3724,2197
707693576495472641,3120,915
707629649552134146,2349,781
707610948723478529,15556,5706
707420581654872064,2067,632
707411934438625280,2112,543
707387676719185920,3207,1144
707377100785885184,3006,974
707315916783140866,2281,576
707297311098011648,2577,707
707059547140169728,2396,619
707038192327901184,2014,716
707021089608753152,3724,1220
707014260413456384,2109,538
706904523814649856,13403,7103
706901761596989440,1881,521
706681918348251136,3021,889
706644897839910912,2345,982
706593038911545345,1980,580
706538006853918722,3184,1286
706516534877929472,2870,929
706346369204748288,3163,841
706310011488698368,19501,7117
706291001778950144,1566,434
706265994973601792,2512,847
706169069255446529,3575,2000
706166467411222528,4713,1445
706153300320784384,1354,343
705975130514706432,2856,661
705970349788291072,2919,794
705898680587526145,2175,494
705786532653883392,1788,466
705591895322394625,2906,1026
705475953783398401,2734,823
705442520700944385,4056,1455
705428427625635840,3500,1515
705239209544720384,2767,676
705223444686888960,2370,712
705102439679201280,1954,472
705066031337840642,2009,556
704871453724954624,3955,1014
704859558691414016,2064,476
704847917308362754,4688,1363
704819833553219584,2445,895
704761120771465216,6119,2617
704499785726889984,2653,901
704491224099647488,687,71
704480331685040129,3141,978
704364645503647744,7316,3225
704347321748819968,1442,313
704134088924532736,1384,411
704113298707505153,1711,519
704054845121142784,2690,841
703774238772166656,1700,404
703769065844768768,3008,1018
703631701117943808,2357,600
703611486317502464,3538,1379
703425003149250560,3491,1217
703407252292673536,2251,623
703382836347330562,3212,1026
703356393781329922,1761,344
703268521220972544,1826,494
703079050210877440,6798,2796
703041949650034688,24289,11284
702932127499816960,2366,650
702899151802126337,1479,411
702684942141153280,2970,963
702671118226825216,2015,506
702598099714314240,11305,3126
702539513671897089,2637,864
702332542343577600,2928,1384
702321140488925184,3018,948
702276748847800320,2276,694
702217446468493312,4381,1222
701981390485725185,3149,888
701952816642965504,3534,927
701889187134500865,3240,1254
701805642395348998,3110,1503
701601587219795968,1923,415
701570477911896070,2573,837
701545186879471618,2445,549
701214700881756160,11248,4625
700890391244103680,2035,509
700864154249383937,2391,555
700847567345688576,2267,449
700796979434098688,2250,855
700747788515020802,20980,8413
700518061187723268,2385,720
700505138482569216,2099,521
700462010979500032,3775,1622
700167517596164096,2425,652
700151421916807169,2050,607
700143752053182464,6905,2427
700062718104104960,2443,611
700029284593901568,1912,528
700002074055016451,3024,1198
699801817392291840,2769,846
699788877217865730,2055,469
699779630832685056,2497,1104
699775878809702401,1799,538
699691744225525762,9434,4147
699446877801091073,5496,2393
699434518667751424,2023,464
699423671849451520,1249,287
699413908797464576,1926,569
699370870310113280,1746,391
699323444782047232,2890,783
699088579889332224,2081,561
699079609774645248,2254,570
699072405256409088,2709,1076
699060279947165696,3418,1614
699036661657767936,2396,1088
698989035503689728,3072,876
698953797952008193,2478,824
698907974262222848,2332,553
698710712454139905,2262,616
698703483621523456,1322,335
698635131305795584,1199,312
698549713696649216,2146,558
698355670425473025,1701,394
698342080612007937,2072,868
698262614669991936,4391,1792
698195409219559425,15490,5436
698178924120031232,2585,674
697995514407682048,1409,305
697990423684476929,3011,1167
697943111201378304,2193,613
697881462549430272,2772,1054
697630435728322560,1597,497
697616773278015490,2890,921
697596423848730625,2767,1131
697575480820686848,1882,452
697516214579523584,1872,990
697482927769255936,2231,598
697463031882764288,3161,1267
697270446429966336,4339,1712
697259378236399616,3034,900
697255105972801536,2841,1052
697242256848379904,2323,615
696900204696625153,2911,933
696894894812565505,2166,615
696886256886657024,4439,1625
696877980375769088,2254,636
696754882863349760,1370,328
696744641916489729,1886,833
696713835009417216,2169,583
696518437233913856,3627,1561
696490539101908992,1133,127
696488710901260288,2304,925
696405997980676096,2920,1050
696100768806522880,1770,584
695816827381944320,2754,1051
695794761660297217,2914,705
695767669421768709,1706,664
695629776980148225,4183,1890
695446424020918272,4084,1649
695409464418041856,7968,3234
695314793360662529,3325,1294
695095422348574720,2449,549
695074328191332352,2602,990
695064344191721472,1474,527
695051054296211456,2429,715
694925794720792577,2488,817
694905863685980160,2531,834
694669722378485760,32940,13046
694356675654983680,1386,250
694352839993344000,1877,539
694342028726001664,1456,431
694329668942569472,1817,449
694206574471057408,3808,1847
694183373896572928,2704,842
694001791655137281,3135,923
693993230313091072,1730,357
693942351086120961,1618,328
693647888581312512,2471,517
693644216740769793,1263,115
693642232151285760,2345,376
693629975228977152,2253,719
693622659251335168,1415,336
693590843962331137,4648,1774
693582294167244802,1513,222
693486665285931008,1622,565
693280720173801472,3081,1120
693267061318012928,2195,731
693262851218264065,2039,452
693231807727280129,2646,669
693155686491000832,7253,2889
693109034023534592,1557,549
693095443459342336,1697,403
692919143163629568,2490,695
692905862751522816,2230,789
692901601640583168,1612,536
692894228850999298,2077,713
692828166163931137,2653,795
692752401762250755,6265,3294
692568918515392513,4025,1392
692535307825213440,2900,1232
692530551048294401,1694,368
692423280028966913,1366,197
692417313023332352,8638,3131
692187005137076224,2332,743
692158366030913536,1969,718
692142790915014657,1509,353
692041934689402880,3115,1130
692017291282812928,2669,869
691820333922455552,3642,1488
691793053716221953,7475,3820
691756958957883396,2594,884
691675652215414786,1794,459
691483041324204033,2194,500
691459709405118465,3721,1019
691444869282295808,2431,750
691416866452082688,17806,6894
691321916024623104,2377,599
691096613310316544,2753,792
691090071332753408,1603,305
690989312272396288,5438,2609
690959652130045952,3305,1112
690938899477221376,3764,1744
690932576555528194,3020,905
690735892932222976,3490,1149
690728923253055490,1994,465
690690673629138944,2144,744
690649993829576704,1198,248
690607260360429569,278,14
690597161306841088,1778,546
690400367696297985,1741,406
690374419777196032,2964,759
690360449368465409,2441,789
690348396616552449,1365,461
690248561355657216,1536,369
690021994562220032,2577,922
690015576308211712,2295,659
690005060500217858,3380,1533
689999384604450816,1303,328
689993469801164801,1347,404
689977555533848577,1262,407
689905486972461056,2253,622
689877686181715968,2790,1043
689835978131935233,2011,688
689661964914655233,2991,850
689659372465688576,9503,3462
689623661272240129,2038,579
689599056876867584,10733,5005
689557536375177216,1895,403
689517482558820352,3120,1293
689289219123089408,2066,845
689283819090870273,3008,1004
689280876073582592,1820,638
689275259254616065,1051,225
689255633275777024,2343,972
689154315265683456,2854,895
689143371370250240,1862,454
688916208532455424,2490,772
688908934925697024,1939,706
688898160958271489,1921,710
688894073864884227,2058,618
688828561667567616,1273,321
688804835492233216,886,168
688789766343622656,2048,604
688547210804498433,2393,626
688519176466644993,2146,657
688385280030670848,8515,4074
688211956440801280,2073,751
688179443353796608,1976,527
688116655151435777,2603,696
688064179421470721,1593,322
687841446767013888,5006,2247
687826841265172480,2512,1007
687818504314159109,2277,861
687807801670897665,2196,656
687732144991551489,1614,594
687704180304273409,2236,764
687664829264453632,1800,469
687494652870668288,1753,527
687480748861947905,1473,221
687476254459715584,1824,481
687460506001633280,1907,490
687399393394311168,1744,551
687317306314240000,18606,8323
687312378585812992,3996,1726
687127927494963200,4958,2046
687124485711986689,2013,460
687109925361856513,5345,2224
687102708889812993,2166,870
687096057537363968,2071,551
686947101016735744,7969,2899
686760001961103360,3233,1254
686749460672679938,3194,1314
686730991906516992,3791,1087
686683045143953408,2603,729
686618349602762752,3404,1237
686606069955735556,1747,490
686394059078897668,1587,631
686386521809772549,3002,791
686377065986265092,2041,514
686358356425093120,1992,597
686286779679375361,3705,1519
686050296934563840,2064,665
686035780142297088,1059,103
686034024800862208,2833,1035
686007916130873345,2273,363
686003207160610816,1678,562
685973236358713344,1931,477
685943807276412928,1495,533
685906723014619143,6880,2580
685681090388975616,1884,110
685667379192414208,2178,507
685663452032069632,2968,1330
685641971164143616,2682,694
685547936038666240,30298,14076
685532292383666176,2799,1043
685325112850124800,8660,3570
685321586178670592,2438,578
685315239903100929,3022,942
685307451701334016,1919,395
685268753634967552,2832,1070
685198997565345792,2135,588
685169283572338688,3772,1272
684969860808454144,2216,326
684959798585110529,6281,2804
684940049151070208,2962,944
684926975086034944,3210,417
684914660081053696,3213,1320
684902183876321280,1716,463
684880619965411328,1917,722
684830982659280897,32264,19615
684800227459624960,2511,899
684594889858887680,8162,3164
684588130326986752,3801,1274
684567543613382656,2752,1101
684538444857667585,2432,852
684481074559381504,3556,1069
684460069371654144,1811,502
684241637099323392,7464,2939
684225744407494656,1137,183
684222868335505415,3504,1238
684200372118904832,1980,943
684195085588783105,1757,453
684188786104872960,3213,1045
684177701129875456,1861,591
684147889187209216,2735,1367
684122891630342144,1858,425
684097758874210310,3779,1293
683857920510050305,3508,1017
683852578183077888,1787,315
683849932751646720,2407,850
683834909291606017,2405,1017
683828599284170753,2577,969
683773439333797890,3063,1218
683742671509258241,5960,2993
683515932363329536,6771,2604
683498322573824003,2925,872
683481228088049664,2441,901
683462770029932544,2237,620
683449695444799489,3570,1454
683391852557561860,7032,2172
683357973142474752,2657,822
683142553609318400,2637,931
683111407806746624,3138,814
683098815881154561,1993,587
683078886620553216,1852,517
683030066213818368,1995,666
682962037429899265,33679,14818
682808988178739200,1625,154
682788441537560576,2277,1016
682750546109968385,1399,398
682697186228989953,1211,333
682662431982772225,2805,987
682638830361513985,1898,534
682429480204398592,3174,1042
682406705142087680,6948,1584
682393905736888321,2063,595
682389078323662849,1535,423
682303737705140231,2813,883
682259524040966145,3794,1077
682242692827447297,2957,1036
682088079302213632,16734,8847
682059653698686977,4530,1525
682047327939461121,2943,845
682032003584274432,6041,1788
682003177596559360,2853,1365
681981167097122816,2589,917
681891461017812993,2266,744
681694085539872773,11780,3678
681679526984871937,1628,399
681654059175129088,2410,819
681610798867845120,1725,416
681579835668455424,3241,1172
681523177663676416,13128,5184
681340665377193984,1515,246
681339448655802368,8542,3692
681320187870711809,2403,671
681302363064414209,3589,1618
681297372102656000,2952,852
681281657291280384,2957,993
681261549936340994,1331,235
681242418453299201,1351,469
681231109724700672,2231,436
681193455364796417,3402,1331
680970795137544192,2203,583
680959110691590145,4205,1816
680940246314430465,2921,935
680934982542561280,1907,391
680913438424612864,2202,562
680889648562991104,1609,323
680836378243002368,3176,1182
680805554198020098,1971,607
680801747103793152,2181,739
680798457301471234,2598,937
680609293079592961,2406,622
680583894916304897,3291,1185
680497766108381184,3876,1728
680494726643068929,1570,438
680473011644985345,2340,668
680440374763077632,1320,438
680221482581123072,1355,260
680206703334408192,2578,1040
680191257256136705,1972,440
680176173301628928,3550,1390
680161097740095489,2136,669
680145970311643136,3306,1555
680130881361686529,2109,854
680115823365742593,2491,821
680100725817409536,3294,1244
680085611152338944,11706,8117
680070545539371008,2379,771
679877062409191424,1788,575
679872969355714560,2011,595
679862121895714818,2243,553
679854723806179328,2604,1098
679844490799091713,2182,686
679828447187857408,33049,12529
679777920601223168,2850,991
679736210798047232,1907,713
679729593985699840,1988,746
679722016581222400,1535,425
679530280114372609,4356,1876
679527802031484928,2418,648
679511351870550016,3062,1142
679503373272485890,2903,1330
679475951516934144,1916,578
679462823135686656,29291,16932
679405845277462528,2154,1070
679158373988876288,19362,7216
679148763231985668,2547,919
679132435750195208,2690,1033
679111216690831360,5412,2300
679062614270468097,15442,7178
679047485189439488,2049,585
679001094530465792,2586,1092
678991772295516161,2062,1014
678969228704284672,1495,408
678800283649069056,2347,817
678798276842360832,3154,1024
678774928607469569,2566,819
678767140346941444,3215,1222
678764513869611008,1476,413
678755239630127104,6459,2918
678740035362037760,3388,1484
678708137298427904,5112,2177
678675843183484930,2595,1312
678643457146150913,1872,359
678446151570427904,3647,1370
678424312106393600,4982,2262
678410210315247616,3815,1606
678399652199309312,73189,28461
678396796259975168,1451,373
678389028614488064,1708,380
678380236862578688,2229,821
678341075375947776,1570,472
678334497360859136,1180,222
678278586130948096,10383,5469
678255464182861824,1446,327
678023323247357953,1739,340
678021115718029313,12331,5605
677961670166224897,3130,1521
677918531514703872,1216,364
677895101218201600,4382,1836
677716515794329600,2781,874
677700003327029250,3103,1285
677698403548192770,1117,286
677687604918272002,2250,751
677673981332312066,3024,1345
677662372920729601,1768,840
677644091929329666,1703,725
677573743309385728,1930,597
677565715327688705,1186,409
677557565589463040,2214,1012
677547928504967168,6303,3282
677530072887205888,963,204
677335745548390400,2756,1544
677334615166730240,1224,250
677331501395156992,986,207
677328882937298944,3325,1338
677314812125323265,1495,469
677301033169788928,1111,354
677269281705472000,1793,636
677228873407442944,3196,1461
677187300187611136,2475,808
676975532580409345,2523,949
676957860086095872,2019,719
676949632774234114,1180,348
676948236477857792,1951,771
676946864479084545,1574,326
676942428000112642,1868,665
676936541936185344,11586,4415
676916996760600576,2687,1611
676897532954456065,2049,647
676864501615042560,1883,623
676821958043033607,20645,13723
676819651066732545,1652,599
676811746707918848,1302,379
676776431406465024,4503,1796
676617503762681856,2609,854
676613908052996102,983,176
676606785097199616,1720,386
676603393314578432,1036,339
676593408224403456,4122,1883
676590572941893632,837,110
676588346097852417,2076,696
676582956622721024,1072,251
676575501977128964,2323,985
676533798876651520,1694,487
676496375194980353,1372,471
676470639084101634,10546,4164
676440007570247681,1559,587
676430933382295552,1260,302
676263575653122048,1888,483
676237365392908289,1088,249
676219687039057920,70655,27641
676215927814406144,1569,516
676191832485810177,2049,915
676146341966438401,1747,585
676121918416756736,1962,1024
676101918813499392,2578,1047
676098748976615425,2668,1246
676089483918516224,1177,389
675898130735476737,1438,506
675891555769696257,1918,761
675888385639251968,2112,839
675878199931371520,3777,1237
675870721063669760,1464,496
675853064436391936,2418,1132
675849018447167488,863,123
675845657354215424,2043,775
675822767435051008,1385,474
675820929667219457,953,206
675798442703122432,9299,3041
675781562965868544,1452,418
675740360753160193,1056,295
675710890956750848,1681,717
675707330206547968,1783,596
675706639471788032,582,85
675534494439489536,1661,361
675531475945709568,1067,329
675522403582218240,936,249
675517828909424640,1147,407
675501075957489664,15510,5201
675497103322386432,2814,1130
675489971617296384,1149,526
675483430902214656,1658,853
675432746517426176,1358,501
675372240448454658,1524,452
675362609739206656,941,192
675354435921575936,29389,14854
675349384339542016,3521,1996
675334060156301312,2483,1127
675166823650848770,3163,1382
675153376133427200,5576,2256
675149409102012420,3343,1496
675147105808306176,841,197
675146535592706048,1051,255
675145476954566656,1911,779
675135153782571009,1162,411
675113801096802304,1732,686
675111688094527488,867,213
675109292475830276,2514,995
675047298674663426,926,274
675015141583413248,2405,1034
675006312288268288,873,200
675003128568291329,1388,406
674999807681908736,1990,951
674805413498527744,759,315
674800520222154752,2687,746
674793399141146624,2214,950
674790488185167872,982,216
674788554665512960,718,181
674781762103414784,1802,1043
674774481756377088,979,407
674767892831932416,1623,689
674764817387900928,698,200
674754018082705410,1227,382
674752233200820224,1307,399
674743008475090944,1258,464
674742531037511680,430,44
674739953134403584,966,326
674737130913071104,580,80
674690135443775488,1022,411
674670581682434048,1443,565
674664755118911488,807,205
674646392044941312,1279,429
674644256330530816,926,241
674638615994089473,1514,509
674632714662858753,1337,500
674606911342424069,838,86
674468880899788800,5543,1773
674447403907457024,954,314
674436901579923456,985,344
674422304705744896,1280,464
674416750885273600,609,114
674410619106390016,1067,400
674394782723014656,1333,487
674372068062928900,766,280
674330906434379776,503,65
674318007229923329,1249,449
674307341513269249,10115,6012
674291837063053312,13148,5129
674271431610523648,1393,643
674269164442398721,824,202
674265582246694913,1457,727
674262580978937856,1175,382
674255168825880576,1298,464
674082852460433408,678,144
674075285688614912,887,245
674063288070742018,5702,1905
674053186244734976,2942,1124
674051556661161984,1288,431
674045139690631169,1267,564
674042553264685056,635,109
674038233588723717,975,366
674036086168010753,758,180
674024893172875264,1578,1081
674019345211760640,1012,264
674014384960745472,1386,559
674008982932058114,1084,299
673956914389192708,1744,833
673919437611909120,1056,325
673906403526995968,2838,1427
673887867907739649,838,220
673716320723169284,2776,669
673715861853720576,3156,1805
673711475735838725,937,264
673709992831262724,747,236
673708611235921920,950,253
673707060090052608,986,346
673705679337693185,1124,358
673700254269775872,1280,500
673697980713705472,3503,1691
673689733134946305,1537,568
673688752737402881,1124,438
673686845050527744,1274,375
673680198160809984,1228,414
673662677122719744,1123,326
673656262056419329,650,198
673636718965334016,992,307
673612854080196609,1424,629
673583129559498752,1059,313
673580926094458881,732,238
673576835670777856,1226,486
673363615379013632,930,266
673359818736984064,1286,592
673355879178194945,1340,491
673352124999274496,1493,471
673350198937153538,682,184
673345638550134785,2224,1098
673343217010679808,854,234
673342308415348736,1128,492
673320132811366400,11929,6865
673317986296586240,780,216
673295268553605120,6707,2740
673270968295534593,955,312
673240798075449344,1273,614
673213039743795200,1965,724
673148804208660480,1486,547
672997845381865473,1750,629
672995267319328768,844,251
672988786805112832,873,253
672984142909456390,1115,469
672980819271634944,1624,887
672975131468300288,1495,775
672970152493887488,836,302
672968025906282496,1179,469
672964561327235073,1259,557
672902681409806336,1228,422
672898206762672129,792,363
672884426393653248,1364,723
672877615439593473,907,300
672834301050937345,1152,502
672828477930868736,1107,416
672640509974827008,872,270
672622327801233409,1146,419
672614745925664768,1085,510
672609152938721280,966,338
672604026190569472,963,335
672594978741354496,1175,528
672591762242805761,839,284
672591271085670400,639,157
672538107540070400,900,316
672523490734551040,551,146
672488522314567680,989,371
672482722825261057,987,517
672481316919734272,639,110
672475084225949696,1290,605
672466075045466113,1193,447
672272411274932228,5697,2923
672267570918129665,1312,536
672264251789176834,1007,285
672256522047614977,2502,1324
672254177670729728,1269,647
672248013293752320,1526,520
672245253877968896,606,131
672239279297454080,804,275
672231046314901505,1616,876
672222792075620352,699,176
672205392827572224,1978,1005
672169685991993344,909,317
672160042234327040,764,303
672139350159835138,1539,592
672125275208069120,2113,985
672095186491711488,872,328
672082170312290304,837,318
672068090318987265,1133,439
671896809300709376,7590,3666
671891728106971137,1170,479
671882082306625538,3092,1202
671879137494245376,1242,570
671874878652489728,1103,478
671866342182637568,995,417
671855973984772097,791,371
671789708968640512,6300,2991
671768281401958400,1044,433
671763349865160704,1488,771
671744970634719232,1201,659
671743150407421952,673,200
671735591348891648,1281,651
671729906628341761,7473,3786
671561002136281088,11357,6298
671550332464455680,809,183
671547767500775424,1200,496
671544874165002241,1726,888
671542985629241344,966,483
671538301157904385,837,333
671536543010570240,1036,343
671533943490011136,896,493
671528761649688577,736,214
671520732782923777,1217,454
671518598289059840,828,251
671511350426865664,1418,605
671504605491109889,6217,3112
671497587707535361,823,386
671488513339211776,884,412
671486386088865792,508,172
671485057807351808,677,195
671390180817915904,1276,651
671362598324076544,972,257
671357843010908160,351,133
671355857343524864,417,104
671347597085433856,830,369
671186162933985280,639,176
671182547775299584,975,283
671166507850801152,778,301
671163268581498880,1454,965
671159727754231808,313,68
671154572044468225,623,186
671151324042559489,586,126
671147085991960577,580,191
671141549288370177,1018,569
671138694582165504,820,340
671134062904504320,651,162
671122204919246848,3075,2180
671115716440031232,1208,669
671109016219725825,999,377
670995969505435648,966,241
670842764863651840,22012,7555
670840546554966016,522,165
670838202509447168,980,598
670833812859932673,382,109
670832455012716544,645,184
670826280409919488,4860,3493
670823764196741120,673,159
670822709593571328,543,83
670815497391357952,2772,1312
670811965569282048,981,230
670807719151067136,1050,425
670804601705242624,1730,815
670803562457407488,301,77
670797304698376195,658,202
670792680469889025,731,236
670789397210615808,582,210
670786190031921152,527,168
670783437142401025,721,330
670782429121134593,1345,654
670780561024270336,697,249
670778058496974848,297,62
670764103623966721,954,371
670755717859713024,391,87
670733412878163972,848,446
670727704916926465,734,312
670717338665226240,1049,416
670704688707301377,685,317
670691627984359425,515,208
670679630144274432,662,240
670676092097810432,214,35
670668383499735048,9424,4300
670474236058800128,1330,630
670468609693655041,314,77
670465786746662913,851,466
670452855871037440,489,174
670449342516494336,1072,567
670444955656130560,6040,1736
670442337873600512,579,175
670435821946826752,938,433
670434127938719744,1254,560
670433248821026816,293,100
670428280563085312,1225,520
670427002554466305,460,141
670421925039075328,1138,549
670420569653809152,536,265
670417414769758208,501,280
670411370698022913,1788,765
670408998013820928,484,187
670403879788544000,374,128
670385711116361728,487,173
670374371102445568,668,236
670361874861563904,288,55
670338931251150849,372,96
670319130621435904,3462,1065
670303360680108032,381,107
670290420111441920,622,249
670093938074779648,906,274
670086499208155136,618,217
670079681849372674,1951,1055
670073503555706880,1379,677
670069087419133954,549,205
670061506722140161,663,288
670055038660800512,591,279
670046952931721218,574,151
670040295598354432,655,96
670037189829525505,526,240
670003130994700288,295,77
669993076832759809,284,70
669972011175813120,392,132
669970042633789440,271,43
669942763794931712,443,131
669926384437997569,338,81
669923323644657664,202,50
669753178989142016,704,340
669749430875258880,227,55
669684865554620416,446,74
669683899023405056,338,93
669682095984410625,312,115
669680153564442624,581,240
669661792646373376,713,365
669625907762618368,3108,1560
669603084620980224,843,316
669597912108789760,447,131
669583744538451968,1313,798
669573570759163904,388,120
669571471778410496,1403,877
669567591774625800,202,45
669564461267722241,334,104
669393256313184256,313,62
669375718304980992,1168,626
669371483794317312,434,148
669367896104181761,405,129
669363888236994561,554,199
669359674819481600,330,103
669354382627049472,2374,1089
669353438988365824,563,225
669351434509529089,377,153
669328503091937280,904,363
669327207240699904,495,101
669324657376567296,438,182
669216679721873412,1051,346
669214165781868544,382,135
669203728096960512,883,405
669037058363662336,571,264
669015743032369152,646,322
669006782128353280,510,209
669000397445533696,18634,5501
668994913074286592,389,187
668992363537309700,655,292
668989615043424256,593,288
668988183816871936,796,389
668986018524233728,476,139
668981893510119424,476,258
668979806671884288,699,291
668975677807423489,1150,495
668967877119254528,127,18
668960084974809088,616,209
668955713004314625,240,63
668932921458302977,227,50
668902994700836864,275,87
668892474547511297,353,126
668872652652679168,474,267
668852170888998912,408,139
668826086256599040,382,112
668815180734689280,491,225
668779399630725120,627,324
668655139528511488,470,187
668645506898350081,770,457
668643542311546881,783,445
668641109086707712,943,465
668636665813057536,917,434
668633411083464705,2455,1375
668631377374486528,616,280
668627278264475648,281,96
668625577880875008,326,111
668623201287675904,1244,651
668620235289837568,180,35
668614819948453888,542,271
668587383441514497,1471,918
668567822092664832,206,46
668544745690562560,453,197
668542336805281792,403,181
668537837512433665,226,61
668528771708952576,401,188
668507509523615744,276,87
668496999348633600,358,114
668484198282485761,371,207
668480044826800133,394,127
668466899341221888,767,439
668297328638447616,554,255
668291999406125056,213,28
668286279830867968,436,116
668274247790391296,716,196
668268907921326080,483,205
668256321989451776,1146,516
668248472370458624,839,406
668237644992782336,5421,2411
668226093875376128,246,85
668221241640230912,452,168
668204964695683073,487,171
668190681446379520,574,171
668171859951755264,424,161
668154635664932864,438,272
668142349051129856,508,239
668113020489474048,580,207
667937095915278337,1112,687
667924896115245057,264,95
667915453470232577,184,46
667911425562669056,430,245
667902449697558528,755,334
667886921285246976,1645,906
667885044254572545,729,398
667878741721415682,347,101
667873844930215936,550,338
667866724293877760,2705,898
667861340749471744,222,69
667832474953625600,255,54
667806454573760512,925,416
667801013445750784,282,81
667793409583771648,605,286
667782464991965184,362,210
667773195014021121,203,44
667766675769573376,371,185
667728196545200128,323,126
667724302356258817,422,267
667550904950915073,0,28
667550882905632768,0,25
667549055577362432,5085,1942
667546741521195010,303,106
667544320556335104,760,456
667538891197542400,175,58
667534815156183040,716,443
667530908589760512,409,206
667524857454854144,1497,963
667517642048163840,331,165
667509364010450944,6038,1856
667502640335572993,485,193
667495797102141441,457,231
667491009379606528,456,189
667470559035432960,225,85
667455448082227200,171,53
667453023279554560,279,73
667443425659232256,681,486
667437278097252352,396,197
667435689202614272,267,76
667405339315146752,410,194
667393430834667520,168,50
667369227918143488,328,143
667211855547486208,425,209
667200525029539841,542,227
667192066997374976,332,86
667188689915760640,643,328
667182792070062081,12498,5248
667177989038297088,164,48
667176164155375616,524,385
667174963120574464,218,69
667171260800061440,186,71
667165590075940865,2373,964
667160273090932737,218,50
667152164079423490,42130,14562
667138269671505920,3999,1860
667119796878725120,284,105
667090893657276420,286,105
667073648344346624,351,103
667070482143944705,72,12
667065535570550784,143,40
667062181243039745,192,45
667044094246576128,162,43
667012601033924608,393,185
666996132027977728,213,78
666983947667116034,2235,841
666837028449972224,702,467
666835007768551424,183,65
666826780179869698,218,78
666817836334096384,442,209
666804364988780544,206,78
666786068205871104,656,408
666781792255496192,324,168
666776908487630848,303,148
666739327293083650,207,59
666701168228331520,371,181
666691418707132416,160,41
666649482315059201,992,523
666644823164719104,207,68
666454714377183233,447,179
666447344410484738,90,19
666437273139982337,106,40
666435652385423360,137,41
666430724426358785,276,159
666428276349472768,139,67
666421158376562688,272,90
666418789513326592,107,39
666411507551481857,371,261
666407126856765440,93,30
666396247373291520,147,68
666373753744588802,162,73
666362758909284353,649,467
666353288456101888,179,56
666345417576210432,242,121
666337882303524864,168,79
666293911632134144,424,288
666287406224695296,123,55
666273097616637952,151,66
666268910803644416,99,38
666104133288665088,12844,5453
666102155909144576,66,11
666099513787052032,134,53
666094000022159362,142,63
666082916733198337,92,37
666073100786774016,273,129
666071193221509120,127,50
666063827256086533,396,180
666058600524156928,99,47
666057090499244032,247,111
666055525042405380,367,196
666051853826850816,1023,698
666050758794694657,115,50
666049248165822465,88,36
666044226329800704,246,115
666033412701032449,100,36
666029285002620928,112,39
666020888022790149,2281,419
666020888022790149,2281,419
666020888022790149,2281,419
666020888022790149,2281,419
666020888022790149,2281,419
666020888022790149,2281,419
666020888022790149,2281,419
666020888022790149,2281,419
666020888022790149,2281,419
666020888022790149,2281,419
666020888022790149,2281,419
666020888022790149,2281,419
666020888022790149,2281,419
666020888022790149,2281,419
666020888022790149,2281,419
666020888022790149,2281,419
666020888022790149,2281,419
666020888022790149,2281,419
666020888022790149,2281,419
666020888022790149,2281,419
666020888022790149,2281,419
666020888022790149,2281,419
666020888022790149,2281,419
666020888022790149,2281,419
666020888022790149,2281,419
666020888022790149,2281,419
666020888022790149,2281,419
666020888022790149,2281,419
666020888022790149,2281,419
666020888022790149,2281,419
